Generations: 119 Time Taken: 8.14303
Generations: 92 Time Taken: 6.234128
Generations: 43 Time Taken: 3.790119
Generations: 87 Time Taken: 6.908893
