Generations: 501 Time Taken: 75.3
Generations: 501 Time Taken: 86.57033
Generations: 511 Time Taken: 58.69688
