Generations: 669 Time Taken: 77.55531
Generations: 501 Time Taken: 37.97916
Generations: 501 Time Taken: 36.71796
